5 4
4 2 1 5 4 5 3 4
9 9
4 1 1 2 2 3 2 7 5 6 7 6 1 5 8 5 8 9
5 4
1 2 2 3 4 1 1 5
20 19
9 2 10 16 10 13 16 7 11 20 20 4 13 3 11 1 10 19 2 6 18 11 10 14 13 15 5 8 13 9 9 18 16 12 20 17 9 5 
100 99
21 91 27 77 30 38 48 76 13 23 21 28 87 95 60 10 89 99 67 34 60 85 37 61 16 24 97 7 60 40 19 59 70 63 38 100 37 86 46 27 50 2 49 25 91 6 60 42 20 31 19 68 30 20 30 58 97 15 67 19 49 48 74 46 67 53 59 75 11 57 21 67 60 90 59 51 89 49 15 66 30 88 88 93 49 5 21 50 38 9 37 71 62 41 59 29 11 18 44 98 66 32 19 13 62 12 91 72 46 97 78 89 68 36 45 87 62 92 73 62 85 64 3 69 67 74 74 30 60 54 93 22 45 1 14 47 7 73 7 94 72 81 67 70 49 33 71 35 73 8 21 55 66 43 39 52 36 79 5 44 46 82 49 17 21 78 96 84 78 56 51 4 3 83 7 60 53 14 10 65 53 16 15 80 37 45 3 96 32 39 40 26 3 11 97 37 66 3 
181 322
152 68 142 39 20 156 46 76 145 99 163 2 52 81 65 74 65 15 23 61 167 88 65 124 23 132 40 98 2 88 104 165 63 70 46 103 129 59 166 68 39 180 155 15 54 132 161 158 173 86 129 78 60 71 100 7 36 34 174 117 1 3 163 39 13 63 145 95 60 80 64 132 109 170 87 166 131 59 139 5 100 102 56 165 5 15 104 34 134 153 113 124 44 180 7 48 92 37 8 102 24 41 110 69 138 167 18 2 43 94 128 41 116 171 14 98 25 12 25 29 134 149 20 3 104 109 136 149 146 102 175 116 35 45 27 3 25 150 65 35 96 76 22 34 60 32 108 80 138 181 162 157 2 149 169 87 63 49 179 9 100 93 138 70 44 57 115 133 128 79 45 151 56 69 19 146 167 22 97 37 144 181 31 150 96 50 116 35 130 59 179 66 83 69 107 154 57 39 38 111 165 106 30 168 142 102 46 163 152 85 54 144 54 96 43 98 64 2 58 5 128 133 132 106 51 127 19 150 105 85 65 49 169 1 179 76 26 125 130 102 93 181 162 93 69 180 70 159 16 82 181 149 27 120 108 121 116 103 110 6 174 66 78 110 30 68 73 148 36 166 109 122 19 16 165 155 54 101 162 10 3 90 21 96 32 25 113 168 89 178 126 171 2 37 46 82 143 126 61 25 34 103 72 37 13 16 51 50 150 112 84 112 33 18 67 11 132 111 30 123 62 4 42 11 80 159 116 102 59 158 40 79 77 159 38 155 9 35 92 29 40 151 17 173 51 124 10 159 138 116 48 66 1 10 21 143 24 139 22 4 167 9 15 173 97 45 5 71 139 111 153 90 136 154 155 133 56 78 176 25 56 106 38 40 31 16 153 66 153 114 42 7 63 45 89 117 96 98 41 33 179 174 151 90 21 135 107 180 58 23 124 122 55 149 42 93 87 30 5 17 147 88 58 100 176 124 93 120 113 122 15 111 24 51 56 83 35 112 43 168 60 173 56 75 46 112 25 52 109 158 177 173 109 127 43 147 31 3 63 39 21 28 136 174 22 3 142 130 8 85 31 42 9 91 115 151 10 102 155 57 118 159 78 3 126 178 18 135 41 66 78 166 124 4 179 118 32 53 56 122 169 47 153 158 145 130 179 11 129 134 93 45 179 80 84 49 179 27 114 115 54 153 21 171 23 48 64 152 54 11 123 6 134 130 60 89 135 68 60 36 146 4 45 105 23 54 133 132 179 110 67 101 113 13 13 1 136 44 141 165 101 117 23 153 175 157 146 91 120 106 107 135 129 150 171 6 87 88 161 149 138 65 58 73 43 11 73 12 136 88 97 122 36 41 58 107 163 12 27 39 91 68 31 173 58 118 107 1 100 98 129 61 135 173 135 67 149 168 23 125 29 156 26 89 152 151 78 161 8 101 147 12 118 94 128 70 97 93 130 68 105 164 134 81 
398 570
234 291 335 41 112 10 329 56 103 309 102 65 96 326 289 79 214 89 104 27 112 281 106 363 218 145 227 367 1 226 179 83 158 173 315 288 192 330 48 315 145 35 353 66 363 278 7 53 173 387 219 66 19 339 366 91 313 146 100 275 347 321 140 20 315 269 392 394 91 67 124 28 76 101 34 208 173 189 163 240 151 63 30 198 384 378 13 333 151 116 93 327 8 303 329 350 251 94 351 20 167 240 88 263 185 367 99 194 102 51 167 295 88 373 299 266 316 12 192 372 236 52 377 91 285 283 343 191 314 241 197 16 338 288 369 30 235 280 280 117 304 373 75 271 195 329 209 182 256 124 232 279 47 93 153 372 262 108 347 305 149 159 70 46 215 321 361 22 355 288 310 141 86 226 123 114 151 158 398 244 130 214 40 244 285 159 145 62 198 371 219 4 182 286 254 295 391 257 137 198 130 223 188 26 365 237 270 343 89 137 48 192 240 45 206 231 11 219 238 44 369 79 61 129 246 345 59 263 245 257 162 283 390 82 367 55 126 148 376 51 306 257 7 141 357 26 325 19 275 7 204 182 54 61 330 382 276 34 8 280 307 359 101 396 103 278 361 79 120 269 316 308 91 3 49 16 153 314 121 45 252 12 246 226 311 260 387 268 266 388 207 391 398 134 276 319 245 164 169 111 397 290 335 129 322 90 169 101 192 332 326 188 87 354 379 295 151 316 204 60 175 178 96 391 199 390 41 269 215 142 139 36 218 86 331 114 78 342 306 300 91 391 67 46 106 73 88 87 297 23 341 259 233 190 81 315 356 389 327 190 198 64 202 142 175 351 225 358 247 155 16 330 85 18 40 236 344 167 360 385 378 105 328 278 398 396 203 364 68 315 341 36 324 184 241 278 22 6 61 270 85 81 362 16 87 266 287 26 69 346 334 231 365 316 15 392 360 330 175 282 340 64 318 368 14 141 240 209 210 340 232 385 42 260 303 394 240 90 381 224 276 372 37 298 377 63 41 343 107 165 335 251 24 161 103 182 342 108 105 340 262 298 160 122 395 224 309 26 161 242 181 133 329 43 270 218 306 56 155 111 394 56 387 388 16 380 16 117 238 294 271 165 122 330 216 380 113 119 303 30 162 22 287 242 318 33 234 250 239 246 229 154 378 194 329 349 168 237 254 177 115 26 265 226 239 301 81 388 261 206 9 4 254 311 225 386 387 231 320 286 264 3 227 176 118 309 38 220 104 94 9 32 163 261 11 311 86 20 256 9 67 385 48 165 120 343 246 28 261 148 193 191 341 323 381 233 340 382 125 5 274 315 227 6 57 189 183 245 284 386 269 296 171 254 298 373 388 233 139 96 352 66 168 89 339 18 335 384 387 37 331 110 102 334 195 87 285 188 375 5 160 394 383 183 249 145 218 246 298 244 249 12 21 63 2 202 354 288 252 330 136 146 16 287 212 336 171 242 267 154 232 73 38 373 13 336 38 155 31 280 393 269 188 119 377 183 131 246 40 222 381 309 321 318 7 200 386 79 301 327 217 66 208 385 38 246 102 152 120 172 153 166 99 378 112 338 151 322 216 228 215 150 69 165 125 36 74 138 346 12 326 281 243 244 239 202 341 357 266 221 262 59 186 285 11 394 267 38 212 257 118 4 42 316 140 279 201 308 139 89 376 291 218 266 125 248 17 356 249 30 144 378 232 266 25 121 298 294 254 316 286 5 232 81 384 181 330 244 151 347 208 324 52 93 311 57 215 161 390 30 23 388 144 175 321 288 271 244 21 157 224 316 275 324 183 191 144 363 251 390 222 283 151 387 218 63 179 204 173 373 205 398 298 382 125 385 130 148 123 141 384 87 120 212 162 150 369 127 223 193 317 195 337 380 108 43 398 370 31 314 398 301 353 263 11 256 45 26 101 205 270 279 351 342 195 8 61 298 131 257 307 98 244 45 256 350 185 287 46 165 303 166 141 65 307 145 148 250 172 257 2 257 151 60 216 246 305 110 111 248 236 242 304 30 34 389 275 360 359 268 111 176 223 22 57 187 229 19 223 132 221 117 353 45 198 286 254 105 360 334 124 59 150 391 377 110 169 110 259 388 58 323 347 240 127 109 99 207 316 39 276 353 365 343 386 58 292 299 149 81 263 73 302 37 225 340 9 66 282 45 139 134 293 348 197 198 370 242 199 367 208 114 325 196 113 207 398 77 96 216 398 269 31 64 261 232 149 167 127 172 348 190 247 37 350 308 139 314 89 172 168 188 23 391 230 2 91 313 14 178 116 316 40 266 47 356 98 211 256 52 92 359 212 211 68 152 116 124 361 278 112 121 341 6 157 66 106 2 123 93 169 228 197 148 146 159 156 66 89 128 276 377 381 171 179 46 130 96 70 66 25 142 95 349 140 250 367 65 195 302 219 67 127 187 290 43 8 316 230 338 116 378 205 140 390 231 168 7 41 213 293 167 360 217 94 368 234 165 59 57 303 268 237 364 83 212 16 115 151 341 40 216 36 12 242 142 355 385 88 204 369 94 175 222 174 94 235 253 11 51 234 278 15 308 199 59 135 301 54 342 
529 821
176 284 299 151 331 334 77 175 427 362 141 506 25 284 527 235 441 286 447 372 146 18 364 22 288 235 198 381 470 472 462 481 335 307 470 312 512 340 324 136 425 288 46 365 318 78 297 364 311 234 58 216 490 458 41 61 335 271 56 391 221 246 392 87 146 427 36 377 432 188 39 359 278 525 107 119 107 203 326 368 388 345 166 65 221 432 408 362 70 384 12 320 190 35 503 93 47 262 318 372 64 38 46 65 68 23 492 527 469 200 44 357 183 263 36 362 325 151 4 418 364 224 248 295 419 394 482 250 202 370 349 100 17 192 519 53 445 210 517 122 276 444 383 8 124 485 459 24 71 379 244 279 307 74 268 417 210 291 178 5 227 24 407 224 470 189 405 520 218 258 307 361 418 117 300 433 225 371 378 199 63 203 261 219 214 21 420 296 207 262 253 179 135 366 257 219 46 461 237 267 116 251 59 163 515 159 68 216 491 383 529 526 463 290 333 426 96 108 414 338 267 62 314 155 54 232 428 195 225 190 528 184 1 302 207 287 523 384 222 440 284 149 356 479 380 235 185 69 470 350 144 133 215 275 129 425 529 481 7 471 169 104 172 410 164 235 198 45 88 125 182 249 287 128 507 102 348 523 340 259 159 158 516 136 46 348 338 315 86 330 170 61 369 394 369 508 297 505 326 502 35 376 383 448 325 366 341 445 88 53 410 525 182 160 510 521 96 227 455 355 397 491 380 150 214 107 67 249 27 437 145 161 412 209 446 303 369 108 504 143 215 84 398 407 403 521 411 113 376 41 256 258 239 438 190 445 202 151 201 512 213 31 40 230 370 486 354 524 240 460 501 217 109 353 27 154 312 78 211 15 344 75 110 411 214 456 457 220 42 394 422 300 233 219 511 121 363 165 469 495 182 172 145 410 513 103 243 491 422 226 323 404 403 232 428 14 321 87 36 127 150 525 349 441 212 211 201 499 136 426 312 235 193 183 162 75 205 485 281 216 505 306 214 44 255 248 370 223 166 421 512 268 456 197 86 514 150 68 512 524 16 263 159 128 147 97 91 490 48 262 118 51 267 133 192 485 198 87 319 185 252 112 341 461 284 269 454 200 449 239 330 74 138 446 223 306 326 241 54 502 289 30 187 302 354 172 157 263 168 508 174 314 21 68 328 203 437 479 195 252 459 51 439 445 64 39 52 138 332 449 469 177 58 198 236 310 469 212 266 303 508 211 161 83 520 9 157 239 285 31 86 286 331 24 143 230 508 316 425 434 126 256 297 488 28 261 48 209 331 170 311 211 83 3 390 218 242 174 101 224 468 413 37 149 147 199 190 307 52 288 156 367 164 32 450 57 27 147 504 132 388 379 516 330 511 258 192 133 529 345 509 362 139 250 35 235 276 274 424 392 237 303 516 520 49 115 432 499 68 199 227 147 428 426 526 464 295 22 27 251 317 507 166 249 96 104 328 105 437 244 245 494 333 495 79 508 519 471 405 529 4 313 248 440 454 399 294 222 91 244 27 118 134 254 100 66 409 299 182 194 236 210 31 275 452 62 289 482 262 433 518 475 470 345 156 465 127 247 504 346 152 240 115 208 423 497 496 75 390 274 96 208 285 146 487 250 274 31 482 461 523 477 126 426 180 69 425 110 285 339 352 356 323 411 462 496 180 35 73 167 143 435 64 26 95 480 492 467 425 94 335 449 1 162 352 366 517 447 57 285 374 310 206 24 7 250 317 198 187 340 268 381 452 400 293 183 305 36 182 525 292 115 462 380 516 24 360 339 284 418 261 427 440 458 48 12 123 351 429 473 180 67 77 81 129 302 524 259 507 441 275 368 122 452 524 51 124 322 494 497 390 136 437 495 478 524 408 399 259 285 425 218 378 246 240 325 329 97 116 477 169 383 50 258 103 479 284 377 303 231 463 513 53 13 225 236 515 322 168 73 13 135 78 113 11 495 401 263 398 264 520 78 236 485 158 288 319 27 223 254 349 390 467 164 162 60 2 36 65 278 504 366 204 10 67 78 409 94 205 142 278 280 81 500 118 56 323 121 176 279 139 393 293 148 311 189 370 38 255 355 300 136 270 395 263 195 325 456 242 181 518 151 305 275 319 245 333 411 439 194 213 142 3 62 88 500 280 361 491 61 324 126 16 209 190 385 85 196 520 346 494 192 14 127 226 38 360 287 378 159 418 427 348 357 218 169 108 114 54 498 242 475 222 254 53 167 227 233 12 161 50 359 375 312 336 374 377 61 220 10 305 101 19 408 13 94 382 147 380 121 211 456 226 460 213 341 396 42 341 249 176 236 267 329 118 346 485 287 267 268 317 239 233 3 470 151 399 304 135 363 166 236 439 413 88 503 48 91 53 505 365 3 217 489 529 351 238 237 446 141 472 285 172 395 519 10 408 155 327 406 428 484 430 83 372 322 513 379 487 177 429 290 92 350 187 83 283 403 412 134 423 367 2 13 13 509 52 173 55 338 437 241 459 269 437 186 353 307 287 473 283 387 140 241 411 514 420 525 142 216 377 282 459 14 412 8 482 323 49 36 293 427 85 491 76 406 423 474 496 326 471 253 109 271 375 310 248 361 222 497 269 112 123 442 159 239 376 137 336 395 206 12 277 326 295 45 438 235 186 499 313 170 38 235 469 82 507 117 90 15 386 492 317 33 418 254 527 115 15 381 240 411 525 61 295 274 145 377 190 196 412 179 64 130 503 475 172 400 284 159 25 190 156 143 298 235 462 370 131 526 220 375 70 57 498 244 450 524 340 451 54 112 412 502 275 502 28 141 446 140 129 494 266 104 307 60 520 162 230 189 447 360 160 393 297 218 285 345 487 246 236 481 517 120 513 361 397 189 434 373 67 92 483 302 386 135 238 399 227 61 225 28 294 252 251 68 363 254 289 170 73 507 35 524 348 322 11 122 27 127 519 296 34 330 314 118 403 85 430 332 491 155 228 475 159 471 493 36 150 61 268 155 420 181 478 514 398 256 450 264 199 173 490 276 349 295 279 514 47 186 505 142 407 274 109 7 491 417 63 135 397 90 206 239 469 31 4 397 259 339 297 212 328 307 58 470 176 106 429 65 148 24 444 140 157 306 388 64 457 143 276 408 303 288 227 328 162 179 157 436 63 102 385 509 353 272 470 452 27 445 115 211 143 526 447 133 129 328 212 387 220 76 513 83 141 466 123 306 423 348 250 234 58 269 86 477 164 38 215 496 79 82 25 76 283 178 97 128 53 475 470 377 518 194 77 394 452 513 362 97 475 433 180 349 343 18 8 170 442 434 314 115 59 372 493 347 11 416 373 146 63 499 523 331 439 239 284 528 400 481 343 82 299 475 510 42 11 456 57 459 156 313 218 493 156 287 1 265 405 208 200 310 496 480 518 22 419 164 214 390 412 71 518 73 469 412 64 477 100 195 441 30 7 379 268 200 25 324 157 433 429 320 147 22 233 427 284 43 209 177 448 51 76 505 379 75 465 31 300 489 313 149 252 51 255 422 41 102 328 493 430 460 121 128 90 203 212 232 364 135 454 66 463 151 82 396 270 82 197 486 305 218 262 427 2 157 262 247 177 131 7 486 302 158 503 111 436 229 223 389 232 22 185 98 233 30 94 486 470 163 92 444 422 101 215 375 223 226 210 99 314 276 67 351 434 277 100 506 449 277 436 232 325 127 308 200 343 57 451 514 167 529 
