9
4 6 8
4 1 3 3 8
1 3 5 2 9
2 4 8 4 1
4 5 0 1 4
3 3 1 2 7
1 5 8 4 3
3 6 2 1 2
2 2 2 3 5
100 100 0
4 5 4
4 1 3 3 8
1 3 5 2 9
2 4 8 4 1
4 5 0 1 4
2 2 4
1 1 1 1 1
2 2 2 2 2
1 2 1 2 3
2 1 2 1 4
50 50 19
4 9 21 1 999
50 50 4 4 500
50 49 222 3 200
50 48 12 2 45
50 47 36 1 900
2 3 20 3 444
4 8 4 2 49
3 3 40 4 50
2 2 460 2 4444
48 23 500 3 12
1 1 200 1 123
44 44 123 3 125
44 40 222 3 17
40 44 333 3 57
18 40 1 1 4
3 10 50 2 406
1 36 177 4 50
1 46 120 4 7
1 50 28 4 54
3 3 9
1 1 1000 1 1
1 2 999 2 2
2 1 1000 3 3
2 2 999 4 4
1 3 1000 1 5
3 1 999 2 6
2 3 1000 3 7
3 2 999 4 8
3 3 1000 1 9
10 10 2
1 9 8 2 1
5 10 7 4 2
4 2 2
2 2 3 1 1
4 2 3 1 2
2 5 1
1 5 1 3 1